a=[
1 2 3 5;
1 1 4 5;
0 1 2 5;
1 2 3 7;
1 2 3 9;
1 2 3 5;
];

b=a((a(:,end)==5),:);
% 结果：
% 1 2 3 5;
% 1 1 4 5;
% 0 1 2 5;
% 1 2 3 5;
